# Dense kernel quantization scales (per-layer/per-tensor)
tfl.pseudo_qconst1: [0.00806353148072958, 0.00788967777043581, 0.007849827408790588, 0.006051952019333839, 0.008052079007029533, 0.006469838786870241, 0.006268525496125221, 0.008776790462434292, 0.006311686709523201, 0.00648118369281292]
tfl.pseudo_qconst3: [0.004552890080958605, 0.006174731999635696, 0.0015117229195311666, 0.006093182601034641, 0.010019907727837563, 0.008023426868021488, 0.002023658249527216, 0.00881261844187975, 0.0062498231418430805, 0.0018078439170494676, 0.007440183311700821, 0.006308936979621649, 0.0059182243421673775, 0.009033337235450745, 0.007093609310686588, 0.005474053788930178, 0.008570495061576366, 0.008738919161260128, 0.0017862842651084065, 0.0017559105763211846, 0.009405015036463737, 0.006407960783690214, 0.007038579322397709, 0.0019550740253180265, 0.006072089076042175, 0.0017871169839054346, 0.008809365332126617, 0.009284569881856441, 0.008461994118988514, 0.007394129876047373, 0.0031493650749325752, 0.0066666738130152225, 0.007272861897945404, 0.00890896376222372, 0.00825484935194254, 0.007523729000240564, 0.008236011490225792, 0.008024677634239197, 0.005721513647586107, 0.0068085999228060246, 0.005702638998627663, 0.007486183661967516, 0.007220144849270582, 0.007757161743938923, 0.0014916410436853766, 0.0016474650474265218, 0.008495871908962727, 0.014917675405740738, 0.008321030996739864, 0.007270521949976683, 0.0014717719750478864, 0.00741907162591815, 0.0068343402817845345, 0.006119780708104372, 0.0016244580037891865, 0.008200781419873238, 0.006086341105401516, 0.009071503765881062, 0.008553418330848217, 0.007233159150928259, 0.00859038159251213, 0.007756674662232399, 0.007685953285545111, 0.006387166678905487]
