# Conv2D kernel quantization scales (per-layer/per-tensor)
tfl.pseudo_qconst11: [0.004872813820838928, 0.0036066346801817417, 0.0019373109098523855, 0.003430863842368126, 0.004252544604241848, 0.0038982098922133446, 0.0025019566528499126, 0.003631545463576913]
tfl.pseudo_qconst5: [0.009842152707278728, 0.01449227798730135, 0.009088913910090923, 0.008497635833919048, 0.006686049979180098, 0.009192043915390968, 0.008375994861125946, 0.007592019159346819, 0.010679550468921661, 0.0066839549690485, 0.008028156124055386, 0.0011775019811466336, 0.00992090068757534, 0.01173378899693489, 0.009914749301970005, 0.008537902496755123, 0.008750809356570244, 0.008714868687093258, 0.00762048689648509, 0.00884558167308569, 0.008424357511103153, 0.010939836502075195, 0.009997205808758736, 0.007889904081821442, 0.008409998379647732, 0.010769347660243511, 0.00865414272993803, 0.011549397371709347, 0.006916980259120464, 0.010792604647576809, 0.010655046440660954, 0.010585875250399113, 0.0075927977450191975, 0.010491144843399525, 0.007283502724021673, 0.007993994280695915, 0.007662240415811539, 0.008128087036311626, 0.007184717804193497, 0.009724273346364498, 0.008152391761541367, 0.009473560377955437, 0.0009920005686581135, 0.008648435585200787, 0.007872680202126503, 0.008074226789176464, 0.00842339638620615, 0.009092481806874275, 0.009832782670855522, 0.00862878281623125, 0.008582962676882744, 0.00801915768533945, 0.00670683104544878, 0.01182294450700283, 0.009817156940698624, 0.007402162998914719, 0.011965935118496418, 0.010105337016284466, 0.009586619213223457, 0.0009012303780764341, 0.010048514232039452, 0.007201455999165773, 0.0067846388556063175, 0.0076055279932916164]
tfl.pseudo_qconst7: [0.0104217529296875, 0.007136945612728596, 0.0071345181204378605, 0.0069214170798659325, 0.01029967050999403, 0.005744967609643936, 0.008454888127744198, 0.010694053024053574, 0.00749340932816267, 0.011605835519731045, 0.008034268394112587, 0.007270879577845335, 0.007428887765854597, 0.007257883436977863, 0.007195609156042337, 0.0055547854863107204, 0.006220204755663872, 0.012998347170650959, 0.007938302122056484, 0.006020888686180115, 0.005729322321712971, 0.0049062310717999935, 0.00944618321955204, 0.009988866746425629, 0.007593841291964054, 0.007122676353901625, 0.008244638331234455, 0.008690869435667992, 0.009805256500840187, 0.006776713766157627, 0.007385341916233301, 0.007165873888880014]
tfl.pseudo_qconst9: [0.006211763713508844, 0.004554318264126778, 0.006732022389769554, 0.005979396868497133, 0.008272909559309483, 0.011312070302665234, 0.008057151921093464, 0.007399202790111303, 0.005224776919931173, 0.008106598630547523, 0.015313664451241493, 0.00673195393756032, 0.007114638574421406, 0.004398214630782604, 0.0055318246595561504, 0.009350641630589962]
